N MaxInNode I-FMM RCS-FMM I-DIR RCS-DIR Niter-FMM
333   10  0.043090348  276.735981046  0.043081418  277.005537935  7
498   10  0.053025548  293.097393800  0.053011102  293.141292551  9
651   10  0.061462448  297.414377351  0.061411507  296.987254101  9
1218  13  0.081394081  305.501300327  0.081366559  305.699438161  11
1383  15  0.088353220  306.994291329  0.088331666  306.952601089  11
1506  20  0.091035713  308.043651914  0.091022378  307.964490645  11
1722  20  0.098464384  309.384669070  0.098456024  309.368571507  11
1935  22  0.104644064  310.098029862  0.104650320  310.105187107  11
2325  25  0.114092019  310.474514021  0.114095662  310.417556008  11
2820  28  0.125847248  312.182255219  0.125881884  311.583576151  11
3117  30  0.132094765  312.429381676  0.132102450  312.481867523  11
3426  32  0.138488244  312.710582811  0.138498744  312.733032923  11
3672  35  0.143974326  313.159611166  0.143983153  313.179487894  11
4572  42  0.159841178  313.711159493  0.159862097  313.720521116  11
4908  47  0.165685691  313.978781731  0.165709284  314.022130266  11
5193  50  0.169955797  314.143941248  0.169975399  314.187376605  11
5526  52  0.175932206  314.396347285  0.175952639  314.468506118  11
6087  57  0.185025450  314.729586184  0.185050644  314.737503767  11