N MaxInNode I-FMM RCS-FMM I-DIR RCS-DIR Niter-FMM
333   10  0.048214114  297.110281468  0.047761236  301.146098534  200
498   10  0.057494564  310.764830445  0.057505866  310.699999708  184
651   10  0.065357368  312.008147024  0.064904351  311.255432624  210
1218  13  0.083658980  313.656576209  0.083818087  313.201149484  259
1383  15  0.090788096  315.033856347  0.090856119  314.534925724  271
1506  20  0.093517238  315.086040830  0.093271507  314.544369482  280
1722  20  0.100388369  315.817320494  0.100489008  315.371950804  230
1935  22  0.106302825  315.992060907  0.106582063  315.553781410  280
2325  25  0.115888736  315.364058209  0.115961841  315.007581239  304
2820  28  0.127354103  315.629754528  0.127606836  315.467040769  339
3117  30  0.133625593  316.335701012  0.133783664  316.075976183  360
3426  32  0.139938687  316.333664917  0.140120369  316.087830488  378
3672  35  0.146132621  316.489186412  0.145546716  316.263733242  377
4572  42  0.161163009  316.502059306  0.161328101  316.354791174  424
4908  47  0.166878597  316.658649686  0.167134218  316.525669536  432
5193  50  0.171201734  316.707210329  0.171395089  316.572183231  472
5526  52  0.177105032  316.853105416  0.177317123  316.737499133  484
6087  57  0.186266504  316.965004917  0.186386754  316.847923681  506