N MaxInNode I-FMM RCS-FMM I-DIR RCS-DIR Niter-FMM
333   10  0.044277552  286.945189865  0.044292213  287.549213688  36
498   10  0.053917198  300.730711676  0.053897134  300.263868992  31
651   10  0.062216249  301.789132853  0.062171896  301.857173146  37
1218  13  0.082081025  309.424674710  0.082044808  309.555984764  37
1383  15  0.088912577  309.759552145  0.088888200  309.780523391  39
1506  20  0.091670374  311.126664300  0.091648745  311.026270869  40
1722  20  0.099067395  311.957429759  0.099053038  311.988675196  36
1935  22  0.105253374  312.531964930  0.105240889  312.508672575  42
2325  25  0.114649697  312.764752042  0.114645809  312.738503241  42
2820  28  0.126386664  313.543236315  0.126390551  313.627966658  43
3117  30  0.132571915  314.275817141  0.132571934  314.377124605  45
3426  32  0.138968780  314.501711153  0.138966378  314.554968061  46
3672  35  0.144428763  314.779996068  0.144428317  314.841329402  46
4572  42  0.160283190  315.174637312  0.160295524  315.225414358  49
4908  47  0.166117723  315.406167505  0.166127902  315.504476022  51
5193  50  0.170381634  315.549825618  0.170384972  315.659130922  53
5526  52  0.176347402  315.701463431  0.176353980  315.812405005  52
6087  57  0.185421340  315.891030760  0.185434524  315.979286025  54